# z computed from barometric formula (using US std atmosphere)
# k,pmid_ref,z,nu_lev,nu_t_lev,nu_div_lev
  1 0.3643E+03 0.3802E+05 0.1000E+16 0.1000E+16 0.2500E+16
  2 0.7595E+03 0.3290E+05 0.1000E+16 0.1000E+16 0.2500E+16
  3 0.1436E+04 0.2866E+05 0.1000E+16 0.1000E+16 0.2500E+16
  4 0.2461E+04 0.2513E+05 0.1000E+16 0.1000E+16 0.2500E+16
  5 0.3592E+04 0.2269E+05 0.1000E+16 0.1000E+16 0.2500E+16
  6 0.4319E+04 0.2151E+05 0.1000E+16 0.1000E+16 0.2500E+16
  7 0.5168E+04 0.2037E+05 0.1000E+16 0.1000E+16 0.2500E+16
  8 0.6152E+04 0.1926E+05 0.1000E+16 0.1000E+16 0.2500E+16
  9 0.7375E+04 0.1811E+05 0.1000E+16 0.1000E+16 0.2500E+16
 10 0.8782E+04 0.1700E+05 0.1000E+16 0.1000E+16 0.2500E+16
 11 0.1033E+05 0.1597E+05 0.1000E+16 0.1000E+16 0.2500E+16
 12 0.1215E+05 0.1494E+05 0.1000E+16 0.1000E+16 0.2500E+16
 13 0.1430E+05 0.1391E+05 0.1000E+16 0.1000E+16 0.2500E+16
 14 0.1682E+05 0.1288E+05 0.1000E+16 0.1000E+16 0.2500E+16
 15 0.1982E+05 0.1184E+05 0.1000E+16 0.1000E+16 0.2500E+16
 16 0.2337E+05 0.1080E+05 0.1000E+16 0.1000E+16 0.2500E+16
 17 0.2754E+05 0.9732E+04 0.1000E+16 0.1000E+16 0.2500E+16
 18 0.3245E+05 0.8634E+04 0.1000E+16 0.1000E+16 0.2500E+16
 19 0.3823E+05 0.7504E+04 0.1000E+16 0.1000E+16 0.2500E+16
 20 0.4503E+05 0.6339E+04 0.1000E+16 0.1000E+16 0.2500E+16
 21 0.5303E+05 0.5139E+04 0.1000E+16 0.1000E+16 0.2500E+16
 22 0.6167E+05 0.3996E+04 0.1000E+16 0.1000E+16 0.2500E+16
 23 0.6997E+05 0.3016E+04 0.1000E+16 0.1000E+16 0.2500E+16
 24 0.7729E+05 0.2226E+04 0.1000E+16 0.1000E+16 0.2500E+16
 25 0.8312E+05 0.1639E+04 0.1000E+16 0.1000E+16 0.2500E+16
 26 0.8705E+05 0.1262E+04 0.1000E+16 0.1000E+16 0.2500E+16
 27 0.8985E+05 0.1002E+04 0.1000E+16 0.1000E+16 0.2500E+16
 28 0.9245E+05 0.7663E+03 0.1000E+16 0.1000E+16 0.2500E+16
 29 0.9485E+05 0.5539E+03 0.1000E+16 0.1000E+16 0.2500E+16
 30 0.9701E+05 0.3656E+03 0.1000E+16 0.1000E+16 0.2500E+16
 31 0.9892E+05 0.2019E+03 0.1000E+16 0.1000E+16 0.2500E+16
 32 0.1006E+06 0.6298E+02 0.1000E+16 0.1000E+16 0.2500E+16
