# z computed from barometric formula (using US std atmosphere)
# k,pmid_ref,z,nu_lev,nu_t_lev,nu_div_lev
  1 0.3018E+03 0.3939E+05 0.1000E+16 0.1000E+16 0.2500E+16
  2 0.5445E+03 0.3518E+05 0.1000E+16 0.1000E+16 0.2500E+16
  3 0.9087E+03 0.3169E+05 0.1000E+16 0.1000E+16 0.2500E+16
  4 0.1425E+04 0.2871E+05 0.1000E+16 0.1000E+16 0.2500E+16
  5 0.2100E+04 0.2616E+05 0.1000E+16 0.1000E+16 0.2500E+16
  6 0.2921E+04 0.2402E+05 0.1000E+16 0.1000E+16 0.2500E+16
  7 0.3855E+04 0.2224E+05 0.1000E+16 0.1000E+16 0.2500E+16
  8 0.4864E+04 0.2075E+05 0.1000E+16 0.1000E+16 0.2500E+16
  9 0.5910E+04 0.1952E+05 0.1000E+16 0.1000E+16 0.2500E+16
 10 0.6967E+04 0.1847E+05 0.1000E+16 0.1000E+16 0.2500E+16
 11 0.8020E+04 0.1758E+05 0.1000E+16 0.1000E+16 0.2500E+16
 12 0.9074E+04 0.1680E+05 0.1000E+16 0.1000E+16 0.2500E+16
 13 0.1013E+05 0.1610E+05 0.1000E+16 0.1000E+16 0.2500E+16
 14 0.1120E+05 0.1546E+05 0.1000E+16 0.1000E+16 0.2500E+16
 15 0.1228E+05 0.1488E+05 0.1000E+16 0.1000E+16 0.2500E+16
 16 0.1339E+05 0.1433E+05 0.1000E+16 0.1000E+16 0.2500E+16
 17 0.1454E+05 0.1381E+05 0.1000E+16 0.1000E+16 0.2500E+16
 18 0.1574E+05 0.1330E+05 0.1000E+16 0.1000E+16 0.2500E+16
 19 0.1701E+05 0.1281E+05 0.1000E+16 0.1000E+16 0.2500E+16
 20 0.1835E+05 0.1233E+05 0.1000E+16 0.1000E+16 0.2500E+16
 21 0.1977E+05 0.1186E+05 0.1000E+16 0.1000E+16 0.2500E+16
 22 0.2129E+05 0.1139E+05 0.1000E+16 0.1000E+16 0.2500E+16
 23 0.2290E+05 0.1092E+05 0.1000E+16 0.1000E+16 0.2500E+16
 24 0.2463E+05 0.1046E+05 0.1000E+16 0.1000E+16 0.2500E+16
 25 0.2647E+05 0.9993E+04 0.1000E+16 0.1000E+16 0.2500E+16
 26 0.2844E+05 0.9521E+04 0.1000E+16 0.1000E+16 0.2500E+16
 27 0.3055E+05 0.9042E+04 0.1000E+16 0.1000E+16 0.2500E+16
 28 0.3282E+05 0.8557E+04 0.1000E+16 0.1000E+16 0.2500E+16
 29 0.3526E+05 0.8066E+04 0.1000E+16 0.1000E+16 0.2500E+16
 30 0.3788E+05 0.7568E+04 0.1000E+16 0.1000E+16 0.2500E+16
 31 0.4070E+05 0.7064E+04 0.1000E+16 0.1000E+16 0.2500E+16
 32 0.4372E+05 0.6552E+04 0.1000E+16 0.1000E+16 0.2500E+16
 33 0.4696E+05 0.6034E+04 0.1000E+16 0.1000E+16 0.2500E+16
 34 0.5045E+05 0.5508E+04 0.1000E+16 0.1000E+16 0.2500E+16
 35 0.5419E+05 0.4976E+04 0.1000E+16 0.1000E+16 0.2500E+16
 36 0.5813E+05 0.4447E+04 0.1000E+16 0.1000E+16 0.2500E+16
 37 0.6205E+05 0.3949E+04 0.1000E+16 0.1000E+16 0.2500E+16
 38 0.6574E+05 0.3503E+04 0.1000E+16 0.1000E+16 0.2500E+16
 39 0.6914E+05 0.3109E+04 0.1000E+16 0.1000E+16 0.2500E+16
 40 0.7228E+05 0.2759E+04 0.1000E+16 0.1000E+16 0.2500E+16
 41 0.7519E+05 0.2446E+04 0.1000E+16 0.1000E+16 0.2500E+16
 42 0.7787E+05 0.2166E+04 0.1000E+16 0.1000E+16 0.2500E+16
 43 0.8035E+05 0.1914E+04 0.1000E+16 0.1000E+16 0.2500E+16
 44 0.8263E+05 0.1687E+04 0.1000E+16 0.1000E+16 0.2500E+16
 45 0.8474E+05 0.1482E+04 0.1000E+16 0.1000E+16 0.2500E+16
 46 0.8669E+05 0.1296E+04 0.1000E+16 0.1000E+16 0.2500E+16
 47 0.8850E+05 0.1127E+04 0.1000E+16 0.1000E+16 0.2500E+16
 48 0.9016E+05 0.9738E+03 0.1000E+16 0.1000E+16 0.2500E+16
 49 0.9170E+05 0.8342E+03 0.1000E+16 0.1000E+16 0.2500E+16
 50 0.9312E+05 0.7069E+03 0.1000E+16 0.1000E+16 0.2500E+16
 51 0.9443E+05 0.5908E+03 0.1000E+16 0.1000E+16 0.2500E+16
 52 0.9564E+05 0.4847E+03 0.1000E+16 0.1000E+16 0.2500E+16
 53 0.9675E+05 0.3876E+03 0.1000E+16 0.1000E+16 0.2500E+16
 54 0.9779E+05 0.2988E+03 0.1000E+16 0.1000E+16 0.2500E+16
 55 0.9874E+05 0.2174E+03 0.1000E+16 0.1000E+16 0.2500E+16
 56 0.9962E+05 0.1429E+03 0.1000E+16 0.1000E+16 0.2500E+16
 57 0.1004E+06 0.7447E+02 0.1000E+16 0.1000E+16 0.2500E+16
 58 0.1011E+06 0.2087E+02 0.1000E+16 0.1000E+16 0.2500E+16
