# z computed from barometric formula (using US std atmosphere)
# k,pmid_ref,z,nu_lev,nu_t_lev,nu_div_lev
  1 0.8135E+00 0.8053E+05 0.3374E+16 0.3374E+16 0.3375E+16
  2 0.1834E+01 0.7574E+05 0.3354E+16 0.3354E+16 0.3367E+16
  3 0.3482E+01 0.7181E+05 0.3126E+16 0.3126E+16 0.3283E+16
  4 0.5954E+01 0.6839E+05 0.2188E+16 0.2188E+16 0.2938E+16
  5 0.9817E+01 0.6507E+05 0.1283E+16 0.1283E+16 0.2604E+16
  6 0.1619E+02 0.6162E+05 0.1043E+16 0.1043E+16 0.2516E+16
  7 0.2669E+02 0.5802E+05 0.1006E+16 0.1006E+16 0.2502E+16
  8 0.4400E+02 0.5427E+05 0.1001E+16 0.1001E+16 0.2500E+16
  9 0.7254E+02 0.5036E+05 0.1000E+16 0.1000E+16 0.2500E+16
 10 0.1196E+03 0.4640E+05 0.1000E+16 0.1000E+16 0.2500E+16
 11 0.1891E+03 0.4286E+05 0.1000E+16 0.1000E+16 0.2500E+16
 12 0.2804E+03 0.3992E+05 0.1000E+16 0.1000E+16 0.2500E+16
 13 0.3919E+03 0.3750E+05 0.1000E+16 0.1000E+16 0.2500E+16
 14 0.5190E+03 0.3552E+05 0.1000E+16 0.1000E+16 0.2500E+16
 15 0.6564E+03 0.3389E+05 0.1000E+16 0.1000E+16 0.2500E+16
 16 0.7990E+03 0.3256E+05 0.1000E+16 0.1000E+16 0.2500E+16
 17 0.9430E+03 0.3145E+05 0.1000E+16 0.1000E+16 0.2500E+16
 18 0.1086E+04 0.3050E+05 0.1000E+16 0.1000E+16 0.2500E+16
 19 0.1229E+04 0.2969E+05 0.1000E+16 0.1000E+16 0.2500E+16
 20 0.1371E+04 0.2896E+05 0.1000E+16 0.1000E+16 0.2500E+16
 21 0.1513E+04 0.2831E+05 0.1000E+16 0.1000E+16 0.2500E+16
 22 0.1658E+04 0.2771E+05 0.1000E+16 0.1000E+16 0.2500E+16
 23 0.1806E+04 0.2715E+05 0.1000E+16 0.1000E+16 0.2500E+16
 24 0.1961E+04 0.2661E+05 0.1000E+16 0.1000E+16 0.2500E+16
 25 0.2121E+04 0.2610E+05 0.1000E+16 0.1000E+16 0.2500E+16
 26 0.2291E+04 0.2560E+05 0.1000E+16 0.1000E+16 0.2500E+16
 27 0.2470E+04 0.2511E+05 0.1000E+16 0.1000E+16 0.2500E+16
 28 0.2660E+04 0.2463E+05 0.1000E+16 0.1000E+16 0.2500E+16
 29 0.2862E+04 0.2415E+05 0.1000E+16 0.1000E+16 0.2500E+16
 30 0.3075E+04 0.2369E+05 0.1000E+16 0.1000E+16 0.2500E+16
 31 0.3303E+04 0.2323E+05 0.1000E+16 0.1000E+16 0.2500E+16
 32 0.3547E+04 0.2277E+05 0.1000E+16 0.1000E+16 0.2500E+16
 33 0.3810E+04 0.2231E+05 0.1000E+16 0.1000E+16 0.2500E+16
 34 0.4092E+04 0.2185E+05 0.1000E+16 0.1000E+16 0.2500E+16
 35 0.4395E+04 0.2140E+05 0.1000E+16 0.1000E+16 0.2500E+16
 36 0.4720E+04 0.2094E+05 0.1000E+16 0.1000E+16 0.2500E+16
 37 0.5070E+04 0.2049E+05 0.1000E+16 0.1000E+16 0.2500E+16
 38 0.5445E+04 0.2003E+05 0.1000E+16 0.1000E+16 0.2500E+16
 39 0.5848E+04 0.1958E+05 0.1000E+16 0.1000E+16 0.2500E+16
 40 0.6282E+04 0.1913E+05 0.1000E+16 0.1000E+16 0.2500E+16
 41 0.6747E+04 0.1868E+05 0.1000E+16 0.1000E+16 0.2500E+16
 42 0.7246E+04 0.1822E+05 0.1000E+16 0.1000E+16 0.2500E+16
 43 0.7783E+04 0.1777E+05 0.1000E+16 0.1000E+16 0.2500E+16
 44 0.8360E+04 0.1732E+05 0.1000E+16 0.1000E+16 0.2500E+16
 45 0.8984E+04 0.1686E+05 0.1000E+16 0.1000E+16 0.2500E+16
 46 0.9658E+04 0.1640E+05 0.1000E+16 0.1000E+16 0.2500E+16
 47 0.1038E+05 0.1594E+05 0.1000E+16 0.1000E+16 0.2500E+16
 48 0.1116E+05 0.1548E+05 0.1000E+16 0.1000E+16 0.2500E+16
 49 0.1200E+05 0.1503E+05 0.1000E+16 0.1000E+16 0.2500E+16
 50 0.1289E+05 0.1457E+05 0.1000E+16 0.1000E+16 0.2500E+16
 51 0.1386E+05 0.1411E+05 0.1000E+16 0.1000E+16 0.2500E+16
 52 0.1489E+05 0.1365E+05 0.1000E+16 0.1000E+16 0.2500E+16
 53 0.1600E+05 0.1320E+05 0.1000E+16 0.1000E+16 0.2500E+16
 54 0.1720E+05 0.1274E+05 0.1000E+16 0.1000E+16 0.2500E+16
 55 0.1848E+05 0.1228E+05 0.1000E+16 0.1000E+16 0.2500E+16
 56 0.1986E+05 0.1183E+05 0.1000E+16 0.1000E+16 0.2500E+16
 57 0.2134E+05 0.1137E+05 0.1000E+16 0.1000E+16 0.2500E+16
 58 0.2293E+05 0.1092E+05 0.1000E+16 0.1000E+16 0.2500E+16
 59 0.2463E+05 0.1046E+05 0.1000E+16 0.1000E+16 0.2500E+16
 60 0.2647E+05 0.9993E+04 0.1000E+16 0.1000E+16 0.2500E+16
 61 0.2844E+05 0.9521E+04 0.1000E+16 0.1000E+16 0.2500E+16
 62 0.3055E+05 0.9042E+04 0.1000E+16 0.1000E+16 0.2500E+16
 63 0.3282E+05 0.8557E+04 0.1000E+16 0.1000E+16 0.2500E+16
 64 0.3526E+05 0.8066E+04 0.1000E+16 0.1000E+16 0.2500E+16
 65 0.3788E+05 0.7568E+04 0.1000E+16 0.1000E+16 0.2500E+16
 66 0.4070E+05 0.7064E+04 0.1000E+16 0.1000E+16 0.2500E+16
 67 0.4372E+05 0.6552E+04 0.1000E+16 0.1000E+16 0.2500E+16
 68 0.4696E+05 0.6034E+04 0.1000E+16 0.1000E+16 0.2500E+16
 69 0.5045E+05 0.5508E+04 0.1000E+16 0.1000E+16 0.2500E+16
 70 0.5419E+05 0.4976E+04 0.1000E+16 0.1000E+16 0.2500E+16
 71 0.5813E+05 0.4447E+04 0.1000E+16 0.1000E+16 0.2500E+16
 72 0.6205E+05 0.3949E+04 0.1000E+16 0.1000E+16 0.2500E+16
 73 0.6574E+05 0.3503E+04 0.1000E+16 0.1000E+16 0.2500E+16
 74 0.6914E+05 0.3109E+04 0.1000E+16 0.1000E+16 0.2500E+16
 75 0.7228E+05 0.2759E+04 0.1000E+16 0.1000E+16 0.2500E+16
 76 0.7519E+05 0.2446E+04 0.1000E+16 0.1000E+16 0.2500E+16
 77 0.7787E+05 0.2166E+04 0.1000E+16 0.1000E+16 0.2500E+16
 78 0.8035E+05 0.1914E+04 0.1000E+16 0.1000E+16 0.2500E+16
 79 0.8263E+05 0.1687E+04 0.1000E+16 0.1000E+16 0.2500E+16
 80 0.8474E+05 0.1482E+04 0.1000E+16 0.1000E+16 0.2500E+16
 81 0.8670E+05 0.1296E+04 0.1000E+16 0.1000E+16 0.2500E+16
 82 0.8850E+05 0.1127E+04 0.1000E+16 0.1000E+16 0.2500E+16
 83 0.9016E+05 0.9738E+03 0.1000E+16 0.1000E+16 0.2500E+16
 84 0.9170E+05 0.8342E+03 0.1000E+16 0.1000E+16 0.2500E+16
 85 0.9312E+05 0.7069E+03 0.1000E+16 0.1000E+16 0.2500E+16
 86 0.9443E+05 0.5908E+03 0.1000E+16 0.1000E+16 0.2500E+16
 87 0.9564E+05 0.4847E+03 0.1000E+16 0.1000E+16 0.2500E+16
 88 0.9675E+05 0.3876E+03 0.1000E+16 0.1000E+16 0.2500E+16
 89 0.9779E+05 0.2988E+03 0.1000E+16 0.1000E+16 0.2500E+16
 90 0.9874E+05 0.2174E+03 0.1000E+16 0.1000E+16 0.2500E+16
 91 0.9962E+05 0.1429E+03 0.1000E+16 0.1000E+16 0.2500E+16
 92 0.1004E+06 0.7446E+02 0.1000E+16 0.1000E+16 0.2500E+16
 93 0.1011E+06 0.2087E+02 0.1000E+16 0.1000E+16 0.2500E+16
