# Reference interface pressures (Pa) - 71 levels
# level    p_interface_Pa
1    0.0005
2    0.0007
3    0.0012
4    0.0020
5    0.0033
6    0.0055
7    0.0090
8    0.0149
9    0.0246
10   0.0405
11   0.0668
12   0.1101
13   0.1816
14   0.2993
15   0.4963
16   0.8151
17   1.3477
18   2.2319
19   3.6797
20   6.0665
21   9.9157
22   15.7390
23   23.8850
24   34.5200
25   47.5135
26   63.1805
27   82.9155
28   108.2740
29   140.6850
30   181.8850
31   233.9800
32   299.5050
33   381.4700
34   483.4450
35   609.6350
36   764.9350
37   955.0100
38   1186.4000
39   1466.5500
40   1803.8001
41   2207.5500
42   2688.2499
43   3257.3499
44   3927.3001
45   4711.4499
46   5624.0499
47   6680.0497
48   8070.1418
49   9494.1042
50   11169.3211
51   13140.1271
52   15458.6807
53   18186.3353
54   21395.2821
55   25170.4417
56   29611.7216
57   34836.6588
58   40983.5219
59   48214.9929
60   56722.4421
61   65233.2969
62   73044.5892
63   79636.3071
64   84535.3667
65   87371.5866
66   90032.4631
67   92496.4462
68   94743.2335
69   96753.8625
70   98511.2190
71   100000.0000
