# Reference interface pressures (Pa) - 33 levels
# level    p_interface_Pa
1    225.5240
2    503.1692
3    1015.7947
4    1855.5317
5    2973.4676
6    3927.3001
7    4711.4499
8    5624.0499
9    6680.0497
10   8070.1418
11   9494.1042
12   11169.3211
13   13140.1271
14   15458.6807
15   18186.3353
16   21395.2821
17   25170.4417
18   29611.7216
19   34836.6588
20   40983.5219
21   48214.9929
22   56722.4421
23   65233.2969
24   73044.5892
25   79636.3071
26   84535.3667
27   87371.5866
28   90032.4631
29   92496.4462
30   94743.2335
31   96753.8625
32   98511.2190
33   100000.0000
