   1         0.0002
   2         0.0010
   3         0.0021
   4         0.0038
   5         0.0061
   6         0.0095
   7         0.0146
   8         0.0223
   9         0.0343
  10         0.0527
  11         0.0808
  12         0.1235
  13         0.1878
  14         0.2832
  15         0.4231
  16         0.6247
  17         0.9106
  18         1.3093
  19         1.8557
  20         2.5917
  21         3.5666
  22         4.8366
  23         6.4655
  24         8.5233
  25        11.0862
  26        14.2360
  27        18.0586
  28        22.6441
  29        28.0856
  30        34.4784
  31        41.9196
  32        50.5078
  33        60.3423
  34        71.5233
  35        84.1516
  36        98.3287
  37       114.1570
  38       131.7398
  39       151.1820
  40       172.5903
  41       196.0735
  42       221.7437
  43       249.7164
  44       280.1111
  45       313.0528
  46       348.6718
  47       387.1056
  48       428.4989
  49       473.0055
  50       520.7886
  51       572.0227
  52       626.8942
  53       685.6035
  54       748.3660
  55       815.4139
  56       886.9982
  57       963.3906
  58      1044.8855
  59      1131.8030
  60      1224.4912
  61      1323.3295
  62      1428.7319
  63      1541.1508
  64      1661.0814
  65      1789.0669
  66      1925.7031
  67      2071.6456
  68      2227.6161
  69      2394.4108
  70      2572.9095
  71      2764.0856
  72      2969.0186
  73      3184.8435
  74      3420.6538
  75      3673.9239
  76      3945.9465
  77      4238.1100
  78      4551.9058
  79      4888.9354
  80      5250.9191
  81      5639.7047
  82      6057.2765
  83      6505.7659
  84      6987.4622
  85      7504.8239
  86      8060.4917
  87      8657.3021
  88      9298.3011
  89      9986.7606
  90     10726.1947
  91     11520.3775
  92     12373.3627
  93     13289.5042
  94     14273.4781
  95     15330.3068
  96     16465.3847
  97     17684.5053
  98     18993.8914
  99     20400.2263
 100     21910.6882
 101     23532.9869
 102     25275.4030
 103     27146.8300
 104     29156.8201
 105     31315.6328
 106     33634.2870
 107     36124.6178
 108     38799.3361
 109     41672.0945
 110     44757.5560
 111     48071.4695
 112     51630.7499
 113     55453.5645
 114     59397.1246
 115     63174.7832
 116     66663.5871
 117     69885.6233
 118     72861.2898
 119     75609.4250
 120     78147.4270
 121     80491.3633
 122     82656.0729
 123     84655.2602
 124     86501.5818
 125     88206.7263
 126     89781.4887
 127     91235.8386
 128     92578.9831
 129     93819.4254
 130     94965.0186
 131     96023.0153
 132     97000.1133
 133     97902.4985
 134     98735.8838
 135     99505.5451
 136    100000.0000
