# CAM7-LTso (and CAM7-MTso) - Reference interface pressures (Pa)
# Extracted from atm.log.BHIST_LTso
# Note: Only first ~32 levels visible in the provided (truncated) log
# level   p_interface_Pa
1   205.4808
2   398.0374
3   690.9340
4   1126.5036
5   1723.0041
6   2477.2870
7   3364.4717
8   4345.9988
9   5381.4087
10  6437.9978
11  7495.3325
12  8545.0820
13  9588.2817
14  10632.0161
15  11686.6255
16  12763.7754
17     13875.3252
  18     15032.7671
  19     16247.0278
  20     17528.4854
  21     18887.0771
  22     20332.4512
  23     21874.1289
  24     23521.6631
  25     25275.4063
  26     27146.8330
  27     29156.8213
  28     31315.6338
  29     33634.2871
  30     36124.6191
  31     38799.3379
  32     41672.0938
  33     44757.5547
  34     48071.4707
  35     51630.7500
  36     55453.5645
  37     59397.1246
  38     63174.7832
  39     66663.5871
  40     69885.6233
  41     72861.2898
  42     75609.4250
  43     78147.4270
  44     80491.3633
  45     82656.0729
  46     84655.2602
  47     86501.5818
  48     88206.7263
  49     89781.4887
  50     91235.8386
  51     92578.9831
  52     93819.4254
  53     94965.0186
  54     96023.0153
  55     97000.1133
  56     97902.4985
  57     98735.8838
  58     99505.5451
  59    100000.0000
