# z computed from barometric formula (using US std atmosphere)
# k,pmid_ref,z,nu_lev,nu_t_lev,nu_div_lev
  1 0.5960E-03 0.1384E+06 0.7429E+16 0.7429E+16 0.7445E+16
  2 0.9827E-03 0.1312E+06 0.7383E+16 0.7383E+16 0.7410E+16
  3 0.1620E-02 0.1248E+06 0.7309E+16 0.7309E+16 0.7353E+16
  4 0.2671E-02 0.1182E+06 0.7192E+16 0.7192E+16 0.7263E+16
  5 0.4404E-02 0.1137E+06 0.7007E+16 0.7007E+16 0.7121E+16
  6 0.7261E-02 0.1098E+06 0.6725E+16 0.6725E+16 0.6904E+16
  7 0.1197E-01 0.1064E+06 0.6314E+16 0.6314E+16 0.6588E+16
  8 0.1974E-01 0.1031E+06 0.5752E+16 0.5752E+16 0.6155E+16
  9 0.3254E-01 0.9990E+05 0.5046E+16 0.5046E+16 0.5612E+16
 10 0.5365E-01 0.9687E+05 0.4250E+16 0.4250E+16 0.5000E+16
 11 0.8846E-01 0.9395E+05 0.3454E+16 0.3454E+16 0.4388E+16
 12 0.1458E+00 0.9115E+05 0.2748E+16 0.2748E+16 0.3845E+16
 13 0.2405E+00 0.8836E+05 0.2186E+16 0.2186E+16 0.3412E+16
 14 0.3978E+00 0.8458E+05 0.1772E+16 0.1772E+16 0.3094E+16
 15 0.6557E+00 0.8177E+05 0.1492E+16 0.1492E+16 0.2878E+16
 16 0.1081E+01 0.7888E+05 0.1307E+16 0.1307E+16 0.2736E+16
 17 0.1790E+01 0.7588E+05 0.1189E+16 0.1189E+16 0.2646E+16
 18 0.2956E+01 0.7282E+05 0.1116E+16 0.1116E+16 0.2589E+16
 19 0.4873E+01 0.6968E+05 0.1071E+16 0.1071E+16 0.2554E+16
 20 0.7991E+01 0.6645E+05 0.1043E+16 0.1043E+16 0.2533E+16
 21 0.1283E+02 0.6324E+05 0.1027E+16 0.1027E+16 0.2521E+16
 22 0.1981E+02 0.6018E+05 0.1018E+16 0.1018E+16 0.2514E+16
 23 0.2920E+02 0.5735E+05 0.1012E+16 0.1012E+16 0.2509E+16
 24 0.4102E+02 0.5480E+05 0.1008E+16 0.1008E+16 0.2507E+16
 25 0.5535E+02 0.5249E+05 0.1006E+16 0.1006E+16 0.2505E+16
 26 0.7305E+02 0.5031E+05 0.1005E+16 0.1005E+16 0.2504E+16
 27 0.9559E+02 0.4818E+05 0.1004E+16 0.1004E+16 0.2503E+16
 28 0.1245E+03 0.4609E+05 0.1003E+16 0.1003E+16 0.2502E+16
 29 0.1613E+03 0.4408E+05 0.1002E+16 0.1002E+16 0.2502E+16
 30 0.2079E+03 0.4215E+05 0.1002E+16 0.1002E+16 0.2501E+16
 31 0.2667E+03 0.4029E+05 0.1001E+16 0.1001E+16 0.2501E+16
 32 0.3405E+03 0.3851E+05 0.1001E+16 0.1001E+16 0.2501E+16
 33 0.4325E+03 0.3680E+05 0.1001E+16 0.1001E+16 0.2501E+16
 34 0.5465E+03 0.3516E+05 0.1001E+16 0.1001E+16 0.2500E+16
 35 0.6873E+03 0.3358E+05 0.1001E+16 0.1001E+16 0.2500E+16
 36 0.8600E+03 0.3206E+05 0.1000E+16 0.1000E+16 0.2500E+16
 37 0.1071E+04 0.3060E+05 0.1000E+16 0.1000E+16 0.2500E+16
 38 0.1326E+04 0.2918E+05 0.1000E+16 0.1000E+16 0.2500E+16
 39 0.1635E+04 0.2780E+05 0.1000E+16 0.1000E+16 0.2500E+16
 40 0.2006E+04 0.2646E+05 0.1000E+16 0.1000E+16 0.2500E+16
 41 0.2448E+04 0.2517E+05 0.1000E+16 0.1000E+16 0.2500E+16
 42 0.2973E+04 0.2391E+05 0.1000E+16 0.1000E+16 0.2500E+16
 43 0.3592E+04 0.2269E+05 0.1000E+16 0.1000E+16 0.2500E+16
 44 0.4319E+04 0.2151E+05 0.1000E+16 0.1000E+16 0.2500E+16
 45 0.5168E+04 0.2037E+05 0.1000E+16 0.1000E+16 0.2500E+16
 46 0.6152E+04 0.1926E+05 0.1000E+16 0.1000E+16 0.2500E+16
 47 0.7375E+04 0.1811E+05 0.1000E+16 0.1000E+16 0.2500E+16
 48 0.8782E+04 0.1700E+05 0.1000E+16 0.1000E+16 0.2500E+16
 49 0.1033E+05 0.1597E+05 0.1000E+16 0.1000E+16 0.2500E+16
 50 0.1215E+05 0.1494E+05 0.1000E+16 0.1000E+16 0.2500E+16
 51 0.1430E+05 0.1391E+05 0.1000E+16 0.1000E+16 0.2500E+16
 52 0.1682E+05 0.1288E+05 0.1000E+16 0.1000E+16 0.2500E+16
 53 0.1982E+05 0.1184E+05 0.1000E+16 0.1000E+16 0.2500E+16
 54 0.2337E+05 0.1080E+05 0.1000E+16 0.1000E+16 0.2500E+16
 55 0.2754E+05 0.9732E+04 0.1000E+16 0.1000E+16 0.2500E+16
 56 0.3245E+05 0.8634E+04 0.1000E+16 0.1000E+16 0.2500E+16
 57 0.3823E+05 0.7504E+04 0.1000E+16 0.1000E+16 0.2500E+16
 58 0.4503E+05 0.6339E+04 0.1000E+16 0.1000E+16 0.2500E+16
 59 0.5303E+05 0.5139E+04 0.1000E+16 0.1000E+16 0.2500E+16
 60 0.6167E+05 0.3996E+04 0.1000E+16 0.1000E+16 0.2500E+16
 61 0.6997E+05 0.3016E+04 0.1000E+16 0.1000E+16 0.2500E+16
 62 0.7729E+05 0.2226E+04 0.1000E+16 0.1000E+16 0.2500E+16
 63 0.8312E+05 0.1639E+04 0.1000E+16 0.1000E+16 0.2500E+16
 64 0.8705E+05 0.1262E+04 0.1000E+16 0.1000E+16 0.2500E+16
 65 0.8985E+05 0.1002E+04 0.1000E+16 0.1000E+16 0.2500E+16
 66 0.9245E+05 0.7663E+03 0.1000E+16 0.1000E+16 0.2500E+16
 67 0.9485E+05 0.5539E+03 0.1000E+16 0.1000E+16 0.2500E+16
 68 0.9701E+05 0.3656E+03 0.1000E+16 0.1000E+16 0.2500E+16
 69 0.9892E+05 0.2019E+03 0.1000E+16 0.1000E+16 0.2500E+16
 70 0.1006E+06 0.6298E+02 0.1000E+16 0.1000E+16 0.2500E+16
